 1.01 Intr +     77    267  191  2  2    0   18   254 0.963  12.91

 1.02 Term +    345    742  398  1  2   10   45   304 0.810  17.55

 1.03 PlyA +   1175   1180    6                              -4.04



 2.03 PlyA -   1274   1269    6                               1.05

 2.02 Term -   1492   1344  149  2  2   16   44   180 0.250   8.48

 2.01 Init -   2174   2096   79  2  1   54    5   109 0.194   5.47

 2.00 Prom -   2899   2860   40                              -8.15



 3.04 PlyA -   3073   3068    6                               1.05

 3.03 Term -   6698   6559  140  0  2   38   48   140 0.167   7.14

 3.02 Intr -  11864  11800   65  1  2   48   58    57 0.234   1.14

 3.01 Init -  12596  12151  446  2  2   49   70   365 0.437  31.33

 3.00 Prom -  12958  12919   40                              -3.95



 4.08 PlyA -  14494  14489    6                               1.05

 4.07 Term -  17516  16323 1194  2  0   38   41   667 0.863  52.72

 4.06 Intr -  18766  18668   99  1  0   15   31   141 0.947   5.49

 4.05 Intr -  20516  20011  506  0  2   73   24   276 0.887  16.47

 4.04 Intr -  20933  20571  363  0  0   32   21   163 0.404   3.23

 4.03 Intr -  21577  21423  155  0  2   48   42   137 0.578   8.89

 4.02 Intr -  21883  21701  183  0  0   47   19   232 0.541  15.18

 4.01 Init -  24807  24734   74  0  2   55  115    20 0.540   6.99

 4.00 Prom -  25501  25462   40                             -10.15



 5.04 PlyA -  25796  25791    6                              -3.94

 5.03 Term -  26312  25798  515  0  2   69   41   238 0.600  15.72

 5.02 Intr -  26588  26499   90  0  0  -24   98   104 0.439   4.25

 5.01 Init -  27789  26955  835  0  1   68   76   295 0.551  26.20

 5.00 Prom -  28638  28599   40                             -12.33



 6.00 Prom +  28948  28987   40                             -10.65

 6.01 Init +  29212  29325  114  0  0   18   76    65 0.278   3.56

 6.02 Intr +  30112  30304  193  0  1    8   95   194 0.942  15.24

 6.03 Intr +  30352  30467  116  2  2  -13   30   119 0.549   0.25

 6.04 Intr +  30752  30916  165  1  0   46   95    87 0.872   9.44

 6.05 Intr +  31056  31135   80  2  2   64   21    61 0.811  -0.57

 6.06 Intr +  31239  31364  126  0  0   18   61   105 0.324   4.67

 6.07 Term +  41795  41951  157  2  1   41   42   185 0.163  10.62

 6.08 PlyA +  42095  42100    6                               1.05



 7.05 PlyA -  42123  42118    6                              -1.75

 7.04 Term -  42975  42891   85  2  1   72   39    89 0.069   3.55

 7.03 Intr -  49020  48731  290  0  2   64  103    53 0.696   4.52

 7.02 Intr -  49238  49102  137  0  2   65   94    -3 0.555   2.37

 7.01 Init -  50289  50283    7  0  1   57  113     0 0.837   5.64

 7.00 Prom -  56523  56484   40                              -5.45



 8.03 PlyA -  56609  56604    6                               1.05

 8.02 Term -  57244  57070  175  0  1   17   49   218 0.884  12.05

 8.01 Init -  59245  59238    8  1  2   69   97     0 0.936   4.38

 8.00 Prom -  61774  61735   40                              -6.55



 9.00 Prom +  64275  64314   40                              -6.75

 9.01 Init +  64827  64829    3  2  0   71  101     0 0.640   4.65

 9.02 Intr +  65253  65306   54  2  0  107   78    11 0.662   5.26

 9.03 Intr +  66159  66261  103  2  1   73   53   126 0.727  11.43

 9.04 Intr +  66369  66714  346  1  1  119   56   241 0.646  22.53

 9.05 Intr +  66790  67155  366  1  0   70  106   225 0.858  20.84

 9.06 Intr +  67400  67478   79  2  1    6   68    47 0.982  -1.87

 9.07 Term +  67554  67766  213  2  0   55   49   150 0.982   9.05

 9.08 PlyA +  68276  68281    6                               1.05



10.00 Prom +  68329  68368   40                              -7.95

10.01 Init +  69119  69229  111  1  0   57   80    51 0.345   6.46

10.02 Intr +  69914  70081  168  1  0   -2   65    96 0.589   2.52

10.03 Intr +  70167  70269  103  2  1   84   36   146 0.997  12.83

10.04 Intr +  70364  70709  346  0  1   36   57   215 0.584  11.73

10.05 Intr +  70900  71247  348  1  0   29   84   381 0.579  30.35

10.06 Intr +  71329  71407   79  1  1   59   93    53 0.797   6.53


